
Testing the cost function ...
prediction =

 Columns 1 through 26:

   0   0   0   0   0   0   0   0   0   0   0   0   0   0   0   0   0   0   0   0   0   0   0   0   0   0

 Columns 27 through 52:

   0   0   0   0   0   0   0   0   0   0   0   0   0   0   0   0   0   0   0   0   0   0   0   0   0   0

 Columns 53 through 78:

   0   0   0   0   0   0   0   0   0   0   0   0   0   0   0   0   0   0   0   0   0   0   0   0   0   0

 Columns 79 through 97:

   0   0   0   0   0   0   0   0   0   0   0   0   0   0   0   0   0   0   0

sqError =

  3.0948e+002
  8.3361e+001
  1.8665e+002
  1.4052e+002
  4.6557e+001
  1.4128e+002
  1.8908e+001
  1.4400e+002
  4.3543e+001
  1.4566e+001
  1.0577e+001
  2.4041e+002
  9.9547e+000
  5.2212e+001
  5.1291e-001
  1.2340e+001
  2.8141e+001
  3.1446e-001
  1.3336e+001
  2.9045e+001
  9.8508e+000
  4.7380e+002
  1.8173e+001
  2.6910e+001
  9.5018e+000
  5.1248e+002
  1.8228e+002
  4.9656e+001
  2.1585e+002
  5.8308e+002
  1.4884e+000
  3.5959e+001
  1.4723e+002
  3.4207e+000
  4.2806e+001
  2.0815e+001
  1.6945e+001
  1.1511e+001
  1.0235e+002
  3.0221e+001
  3.0977e-001
  1.5300e+001
  2.9003e+001
  5.9565e+000
  4.5317e+001
  1.0947e+000
  2.6355e+001
  3.4003e+000
  6.4069e+001
  1.0361e+000
  4.5568e+001
  3.3841e+000
  1.8391e+001
  2.4981e+001
  2.0258e+000
  2.0195e+000
  6.1286e+000
  2.1199e+001
  1.5701e+001
  2.9312e+001
  2.6723e+001
  5.5174e-001
  3.2145e+002
  1.4530e+002
  2.9084e+002
  2.3865e+001
  3.2996e+001
  6.0457e+001
  1.0349e+000
  4.4066e+002
  4.4621e+001
  1.6208e+001
  1.6343e+000
  1.1163e+001
  7.1862e+000
  8.8078e-002
  1.5089e+001
  3.2506e+001
  4.5598e+001
  4.2337e+000
  2.2995e-001
  4.1702e-002
  4.6051e-001
  5.6904e+001
  2.8554e+001
  1.7990e+001
  4.6214e+001
  8.5924e-001
  2.3104e-002
  7.9603e+000
  3.4044e+000
  1.8455e+001
  5.1882e+001
  3.9478e+000
  2.0892e-002
  8.1995e+001
  3.8075e-001

J =  32.073
With theta = [0 ; 0]
Cost computed = 32.072734
Expected cost value (approx) 32.07
prediction =

 Columns 1 through 10:

   11.2202   10.0554   16.0372   13.0064   10.7196   15.7658   13.9528   16.1562   11.9724    9.1092

 Columns 11 through 20:

   10.4214   27.3280   10.4680   15.8168   10.2814    9.7588   11.7308    9.2602   11.8592   13.1416

 Columns 21 through 30:

   11.3782   39.5400    9.9802   11.6522   10.1298   36.8900   24.6560   20.9140   25.3520   43.4060

 Columns 31 through 40:

    9.5048   12.1788   17.4964   10.7836   15.4222   14.8668   15.1918   10.2126   24.6720   11.7068

 Columns 41 through 50:

    9.8138   12.7650   22.4160   10.5474   14.6494   13.1862    9.1404   10.6028   22.4000   10.0832

 Columns 51 through 60:

   14.0804    9.6154   13.8478   14.2062   11.6656   11.7178   11.5484   10.2794   17.6204   17.9072

 Columns 61 through 70:

   16.6508    9.3586   41.5580   28.8160   36.9180   13.4364   15.5902   19.4720    9.9988   39.6820

 Columns 71 through 80:

   19.2720   13.6690   11.0124   13.4518    9.0538   12.0958   14.0772    9.0730   19.5480    9.2154

 Columns 81 through 90:

   10.4584    9.3768   11.7114   18.5374   12.0318   16.0344   17.3604   11.0040   10.0408    9.1188

 Columns 91 through 97:

   10.4154   14.2732   10.7414    9.6108   15.5868   25.7880    9.8738

sqError =

    40.59984
     0.85600
     5.64158
     1.32803
    15.18115
    15.05285
    92.24642
    17.27400
    28.87665
    28.01161
    51.39743
   139.78333
    53.47851
    73.80528
    91.49343
    39.01127
    41.29348
    75.68008
    67.36141
    60.09816
    67.89101
   315.87953
    32.68638
    41.79235
    49.66444
   203.11950
   124.43402
   192.30201
   113.63560
   370.90908
   115.02134
    38.21960
    28.75533
    79.81814
    78.84730
   106.18272
   122.66449
    46.50967
   211.84802
    38.55665
    85.69631
    78.38446
   290.04134
    65.72021
    62.68839
   147.37717
    16.05364
    76.71658
   207.23618
    82.17966
    53.72890
    60.46307
    91.38022
    84.78911
   104.90471
   172.63069
    82.31570
    32.20790
   186.54096
   156.07755
   131.82255
   102.03808
   558.32964
   280.96464
   394.57850
    73.12302
    96.94372
   136.81045
    80.66734
   349.31610
   158.56098
    92.98938
    94.75076
   102.22625
   137.69849
   139.21687
   103.89113
    11.36769
   163.72226
    51.23410
    99.57785
    84.13641
   121.72246
   120.86584
    44.73202
   139.07249
   111.56218
   101.54694
    97.78837
    39.65725
    73.45004
    99.54652
    12.52098
    58.12385
   238.46339
   279.98994
    85.68742

J =  54.242

With theta = [-1 ; 2]
Cost computed = 54.242455
Expected cost value (approx) 54.24
Program paused. Press enter to continue.
